0.0,0.0,13.6566120877177
1.0,0.0,19.371649895383694
2.0,0.0,20.391592063572254
3.0,0.0,21.653186044619453
4.0,0.0,23.506452219246793
5.0,0.0,24.62599603756179
6.0,0.0,31.268438000302538
7.0,0.0,39.575116437243764
0.0,1.0,32.35102572218993
1.0,1.0,46.366513251210286
2.0,1.0,47.52026543066818
3.0,1.0,47.23069089937631
4.0,1.0,48.04707447455799
5.0,1.0,44.59259305522295
6.0,1.0,50.42736011421455
7.0,1.0,65.00000000000001
0.0,2.0,50.27327195884863
1.0,2.0,74.00000000000003
2.0,2.0,70.91800180894634
3.0,2.0,59.50323108746583
4.0,2.0,56.999999999999986
5.0,2.0,52.57573539200196
6.0,2.0,55.89290632667512
7.0,2.0,73.16153346592563
0.0,3.0,57.24319446498101
1.0,3.0,88.26551124769595
2.0,3.0,76.0
3.0,3.0,45.66483122579537
4.0,3.0,46.9667
5.0,3.0,58.68330000000001
6.0,3.0,60.00000000000001
7.0,3.0,67.28142350061013
0.0,4.0,50.759325748114755
1.0,4.0,82.21616761708374
2.0,4.0,65.31669999999998
3.0,4.0,29.516700000000014
4.0,4.0,47.33836388247083
5.0,4.0,81.73387968854851
6.0,4.0,75.73416732840761
7.0,4.0,59.948495638785054
0.0,5.0,33.00417391409687
1.0,5.0,55.97515782241315
2.0,5.0,45.31669999999997
3.0,5.0,22.898922911777376
4.0,5.0,47.18942871738269
5.0,5.0,84.93329999999995
6.0,5.0,77.99999999999997
7.0,5.0,51.82250440301773
0.0,6.0,15.550434430195295
1.0,6.0,30.364123765620146
2.0,6.0,32.90975714072276
3.0,6.0,25.240332134002358
4.0,6.0,34.41374499783089
5.0,6.0,59.999999999999936
6.0,6.0,70.16400870352122
7.0,6.0,54.392246934309156
0.0,7.0,8.204564599237123
1.0,7.0,23.831658592206573
2.0,7.0,43.33810922744742
3.0,7.0,50.781887209857516
4.0,7.0,49.48350886475667
5.0,7.0,63.94015162809001
6.0,7.0,82.00000000000003
7.0,7.0,68.23463680669323
