0.0,0.0,-11.102802362065034
1.0,0.0,7.358999522040427
2.0,0.0,40.62546782723005
3.0,0.0,58.08474994810541
4.0,0.0,50.27262913191268
5.0,0.0,33.554200643795596
6.0,0.0,23.116959401517775
7.0,0.0,19.36820572084286
0.0,1.0,-7.3931309384740675
1.0,1.0,21.466700000000007
2.0,1.0,65.99999999999999
3.0,1.0,82.72102392724203
4.0,1.0,65.0
5.0,1.0,45.38469306472136
6.0,1.0,42.31163871554932
7.0,1.0,45.26824740024017
0.0,2.0,12.506708092006013
1.0,2.0,44.38760596362249
2.0,2.0,79.36401158283466
3.0,2.0,80.43230067848884
4.0,2.0,54.97488035620891
5.0,2.0,45.74229037292446
6.0,2.0,59.85392950980207
7.0,2.0,72.00000000000001
0.0,3.0,38.55514024122164
1.0,3.0,62.999999999999986
2.0,3.0,73.3720424450836
3.0,3.0,61.61669999999999
4.0,3.0,47.9667
5.0,3.0,58.81501233851851
6.0,3.0,78.54479776640818
7.0,3.0,83.54192544403317
0.0,4.0,57.826515807783
1.0,4.0,68.28748331370332
2.0,4.0,53.20426865175986
3.0,4.0,42.31144736088494
4.0,4.0,55.96256335984845
5.0,4.0,83.00000000000003
6.0,4.0,91.30807968337793
7.0,4.0,75.60579214610748
0.0,5.0,65.84817363670797
1.0,5.0,70.99999999999999
2.0,5.0,47.31669999999991
3.0,5.0,39.59816725741413
4.0,5.0,60.843755075496226
5.0,5.0,83.47189718932653
6.0,5.0,81.0
7.0,5.0,57.578616252848505
0.0,6.0,61.30020142408457
1.0,6.0,77.05635536620842
2.0,6.0,67.99999999999997
3.0,6.0,59.233299999999986
4.0,6.0,60.075309633438636
5.0,6.0,63.30724642788098
6.0,6.0,61.7888919608844
7.0,6.0,49.905832617856404
0.0,7.0,48.73370999241384
1.0,7.0,76.5333
2.0,7.0,85.38836271657193
3.0,7.0,73.99999999999999
4.0,7.0,55.21531451496938
5.0,7.0,48.56613286363594
6.0,7.0,58.74020524386622
7.0,7.0,63.14759559355903
