0.0,0.0,6.64923281809337
1.0,0.0,13.849569782578481
2.0,0.0,23.315943105034282
3.0,0.0,31.777684085545634
4.0,0.0,35.3820339953156
5.0,0.0,32.198688539576544
6.0,0.0,22.550006136930236
7.0,0.0,11.790030745165192
0.0,1.0,21.589670790861746
1.0,1.0,38.2367934627073
2.0,1.0,53.51001374570457
3.0,1.0,63.116193160054834
4.0,1.0,63.87532017302209
5.0,1.0,56.1833
6.0,1.0,42.1382107552174
7.0,1.0,26.88362463019239
0.0,2.0,42.86301403275003
1.0,2.0,65.00751164653146
2.0,2.0,72.0
3.0,2.0,69.99999999999999
4.0,2.0,68.21945512176464
5.0,2.0,66.18845169601849
6.0,2.0,59.932729105174005
7.0,2.0,48.66360181667859
0.0,3.0,51.825125494560794
1.0,3.0,69.00000000000003
2.0,3.0,57.65397947645583
3.0,3.0,40.16665061740061
4.0,3.0,41.94144690934627
5.0,3.0,56.683299999999996
6.0,3.0,67.84623685668532
7.0,3.0,67.0
0.0,4.0,39.71396003327697
1.0,4.0,52.69136705480272
2.0,4.0,43.410540861064
3.0,4.0,29.51669999999998
4.0,4.0,32.61288496788373
5.0,4.0,50.23376440272292
6.0,4.0,67.34676655788245
7.0,4.0,70.81391296872673
0.0,5.0,23.055906090498155
1.0,5.0,41.62832230787525
2.0,5.0,57.38768038147104
3.0,5.0,63.08330000000002
4.0,5.0,60.43255365240479
5.0,5.0,62.5749857188417
6.0,5.0,69.01135080444942
7.0,5.0,64.0
0.0,6.0,15.956081521213255
1.0,6.0,41.07945691988235
2.0,6.0,73.0283577458182
3.0,6.0,88.43220222317221
4.0,6.0,81.00000000000001
5.0,6.0,74.84995094795117
6.0,6.0,74.0
7.0,6.0,59.14992807880324
0.0,7.0,17.352181054886497
1.0,7.0,46.15977878177445
2.0,7.0,78.62904749246327
3.0,7.0,88.6259930634659
4.0,7.0,77.027056305983
5.0,7.0,73.22321358441698
6.0,7.0,78.0
7.0,7.0,65.50000000000001
