0.0,0.0,-4.875301397862013
1.0,0.0,2.2678985736658
2.0,0.0,19.497121737111012
3.0,0.0,37.046208492414046
4.0,0.0,42.9858027970842
5.0,0.0,36.1812278776529
6.0,0.0,31.676413314646076
7.0,0.0,39.16221450247156
0.0,1.0,7.34339522292462
1.0,1.0,25.466699999999992
2.0,1.0,48.096011308247654
3.0,1.0,61.770693210193386
4.0,1.0,61.99999999999999
5.0,1.0,54.266049881569444
6.0,1.0,51.77469460641878
7.0,1.0,59.83110177219445
0.0,2.0,30.4205737017127
1.0,2.0,57.246210682240836
2.0,2.0,72.0
3.0,2.0,66.65544918930934
4.0,2.0,56.78648173644302
5.0,2.0,56.87224396376227
6.0,2.0,63.549203227352585
7.0,2.0,66.21775646686514
0.0,3.0,42.6190853744389
1.0,3.0,68.99999999999999
2.0,3.0,74.0
3.0,3.0,56.49081815744137
4.0,3.0,41.9667
5.0,3.0,49.99301837840531
6.0,3.0,64.99999999999999
7.0,3.0,62.936241364539136
0.0,4.0,34.68651694149886
1.0,4.0,57.83296902316492
2.0,4.0,67.777299259344
3.0,4.0,57.683366919051416
4.0,4.0,42.50460771248236
5.0,4.0,47.02027787322385
6.0,4.0,63.06806528785156
7.0,4.0,64.37264777044668
0.0,5.0,22.37779685309779
1.0,5.0,46.03671977962651
2.0,5.0,67.88207980869373
3.0,5.0,69.08329999999998
4.0,5.0,53.31446825900241
5.0,5.0,52.267030216111486
6.0,5.0,67.39369553903238
7.0,5.0,74.52157382622963
0.0,6.0,17.74997987938328
1.0,6.0,43.28188544411084
2.0,6.0,69.73986041799182
3.0,6.0,74.70043642721677
4.0,6.0,62.23198564499869
5.0,6.0,63.00000000000001
6.0,6.0,74.00000000000007
7.0,6.0,75.21402326665977
0.0,7.0,16.36822493139842
1.0,7.0,40.724966492162146
2.0,7.0,66.0
3.0,7.0,75.06446720767964
4.0,7.0,72.40020835303719
5.0,7.0,77.15
6.0,7.0,81.00000000000009
7.0,7.0,69.50000000000003
