0.0,0.0,-0.9177252895465378
1.0,0.0,9.587014816501691
2.0,0.0,32.71055335079452
3.0,0.0,52.99116477481655
4.0,0.0,55.32421701923747
5.0,0.0,44.97242701336415
6.0,0.0,33.99666397240162
7.0,0.0,29.035298906967103
0.0,1.0,7.030188265373876
1.0,1.0,23.466700000000007
2.0,1.0,51.41146749563512
3.0,1.0,73.00000000000001
4.0,1.0,73.02302192060323
5.0,1.0,61.1833
6.0,1.0,53.775360440024855
7.0,1.0,56.55829057147318
0.0,2.0,26.21693000002137
1.0,2.0,45.19739513441157
2.0,2.0,60.606602435045836
3.0,2.0,64.98115311931807
4.0,2.0,57.80874444674397
5.0,2.0,51.99948253665744
6.0,2.0,57.40157758524464
7.0,2.0,72.0
0.0,3.0,47.98184228557416
1.0,3.0,65.0
2.0,3.0,59.67396329798759
3.0,3.0,43.49841579090041
4.0,3.0,34.33153961961166
5.0,3.0,40.57798194505396
6.0,3.0,55.3042890829856
7.0,3.0,70.36014747085467
0.0,4.0,60.463309728994005
1.0,4.0,71.19140454262839
2.0,4.0,50.394762097358566
3.0,4.0,30.516700000000007
4.0,4.0,36.45000000000001
5.0,4.0,57.42363218282126
6.0,4.0,69.44999999999997
7.0,4.0,71.90115452619769
0.0,5.0,59.71038037745882
1.0,5.0,67.00000000000004
2.0,5.0,45.316700000000004
3.0,5.0,36.649087297936916
4.0,5.0,60.40604376969108
5.0,5.0,85.93329999999999
6.0,5.0,86.66166794268841
7.0,5.0,78.51397668356647
0.0,6.0,47.783916470094084
1.0,6.0,61.555712743054066
2.0,6.0,56.43711031062664
3.0,6.0,59.549439884902185
4.0,6.0,80.13663458656907
5.0,6.0,90.64591227220554
6.0,6.0,81.20496502844588
7.0,6.0,76.01669999999999
0.0,7.0,31.564406269089886
1.0,7.0,52.52993267862988
2.0,7.0,65.0
3.0,7.0,72.77550325979428
4.0,7.0,77.7
5.0,7.0,70.27940270040634
6.0,7.0,59.425402775489005
7.0,7.0,64.9210872307911
