0.0,0.0,-19.164612412319002
1.0,0.0,-21.705154683144393
2.0,0.0,-4.527918084558411
3.0,0.0,24.700529026168017
4.0,0.0,42.624577730450355
5.0,0.0,39.45678135677453
6.0,0.0,30.09598075652896
7.0,0.0,24.06226463544289
0.0,1.0,14.460685381171343
1.0,1.0,24.46670000000005
2.0,1.0,36.07470917843631
3.0,1.0,52.422052866986235
4.0,1.0,63.0
5.0,1.0,58.991273763823656
6.0,1.0,54.20379831201372
7.0,1.0,51.398243838409535
0.0,2.0,47.45258685095564
1.0,2.0,71.00000000000004
2.0,2.0,73.62854618400124
3.0,2.0,65.34554210235376
4.0,2.0,58.735421420440034
5.0,2.0,56.02112136059748
6.0,2.0,63.42044806423883
7.0,2.0,70.0
0.0,3.0,40.180300717110995
1.0,3.0,66.99999999999996
2.0,3.0,73.01523990505044
3.0,3.0,56.61669999999998
4.0,3.0,39.095436998898556
5.0,3.0,37.49693397963503
6.0,3.0,53.50540140008956
7.0,3.0,67.80598113624232
0.0,4.0,33.494218880913
1.0,4.0,60.74759923745631
2.0,4.0,68.31670000000003
3.0,4.0,48.10460209682777
4.0,4.0,25.81061088991874
5.0,4.0,26.41681731787395
6.0,4.0,46.589610970267586
7.0,4.0,61.400839283708144
0.0,5.0,44.292639037345644
1.0,5.0,71.00000000000003
2.0,5.0,71.5292090882319
3.0,5.0,47.86393725499859
4.0,5.0,28.787044841015508
5.0,5.0,34.83581727890851
6.0,5.0,57.31431637527755
7.0,5.0,65.60259645261374
0.0,6.0,43.02334012243677
1.0,6.0,67.87446926196958
2.0,6.0,71.94202639460319
3.0,6.0,61.233299999999986
4.0,6.0,53.46373358025927
5.0,6.0,58.99999999999996
6.0,6.0,73.99999999999999
7.0,6.0,71.74037730512208
0.0,7.0,32.93272732395519
1.0,7.0,60.7033487215031
2.0,7.0,78.16330384823169
3.0,7.0,81.47175453835305
4.0,7.0,78.69999999999996
5.0,7.0,78.43774254239402
6.0,7.0,81.99999999999997
7.0,7.0,70.49999999999999
