0.0,0.0,12.895318793243602
1.0,0.0,20.410349066709415
2.0,0.0,23.20410006521556
3.0,0.0,21.53361688059381
4.0,0.0,18.281023201306187
5.0,0.0,15.021031170244658
6.0,0.0,11.103272083397956
7.0,0.0,6.407024800481105
0.0,1.0,30.504773240780985
1.0,1.0,49.45770064167694
2.0,1.0,56.99369741935474
3.0,1.0,52.81071027844991
4.0,1.0,45.65145520176261
5.0,1.0,39.303838229968
6.0,1.0,29.999999999999993
7.0,1.0,17.9349468570006
0.0,2.0,43.82040814922969
1.0,2.0,72.99999999999999
2.0,2.0,83.52984418391182
3.0,2.0,73.0
4.0,2.0,62.544985646077784
5.0,2.0,61.86125477078912
6.0,2.0,56.18916124575112
7.0,2.0,39.50576649514991
0.0,3.0,39.28015807305735
1.0,3.0,66.64746124161562
2.0,3.0,73.0
3.0,3.0,54.856172050112846
4.0,3.0,45.0
5.0,3.0,60.0
6.0,3.0,72.27151910410552
7.0,3.0,62.049720658069006
0.0,4.0,25.76666926058119
1.0,4.0,40.71620161703075
2.0,4.0,41.408581931709875
3.0,4.0,33.00000000000003
4.0,4.0,38.00000000000003
5.0,4.0,59.05069785599761
6.0,4.0,74.025484363961
7.0,4.0,67.99999999999999
0.0,5.0,26.15498765276976
1.0,5.0,29.516706642788634
2.0,5.0,25.41303706973879
3.0,5.0,40.650481611988994
4.0,5.0,70.99999999999997
5.0,5.0,83.17264691950372
6.0,5.0,75.91409657769813
7.0,5.0,62.00000000000002
0.0,6.0,47.458211732331975
1.0,6.0,49.677513146845946
2.0,6.0,38.692550478784895
3.0,6.0,58.00000000000001
4.0,6.0,91.85618269894516
5.0,6.0,94.36740613170137
6.0,6.0,78.90331956281197
7.0,6.0,65.28833145745976
0.0,7.0,64.78982109227661
1.0,7.0,76.00000000000003
2.0,7.0,68.0
3.0,7.0,76.00000000000004
4.0,7.0,86.49739658340201
5.0,7.0,78.00000000000001
6.0,7.0,71.67112286255355
7.0,7.0,69.00000000000001
